ML-KEM-512: 0.01915814375
P-256: 0.697206766666667
RSA-3072: 14.723053
ML-KEM-768: 0.0307997125
P-384: 1.85606837916667
RSA-7680: 316.4610205
ML-KEM-1024: 0.04649824375
P-521: 2.39088404583333
RSA-15360: NA

